2022-05-21T02:45:09.223000Z  28.2186  86.2888  70.83  4.2  8.5  -  25.303605973760007
2021-12-08T04:23:25.024000Z  28.8093  87.5826  41.26  4.2  5.7  -  -18.93756392000001
2021-02-09T01:50:07.207000Z  28.0331  87.8568  35.0  4.3  2.0  -  -16.91757820032001
2021-01-11T13:59:49.235000Z  28.028  87.7888  35.0  4.1  2.0  -  -16.945469145599994
2019-11-27T00:18:32.422000Z  28.1658  87.8728  64.65  4.4  6.5  -  11.041313879039997
2019-06-17T17:58:20.595000Z  28.4217  87.173  84.75  4.6  9.4  -  31.40834898399998
2018-06-20T04:15:26.410000Z  27.1508  87.8133  52.91  4.4  7.5  -  8.208686984319982
2018-06-20T04:08:59.880000Z  26.9633  87.505  38.3  4.4  6.3  -  -8.336926976000065
2018-06-17T15:07:37.130000Z  27.4201  88.4739  49.76  4.4  7.4  -  -0.8567260392000264
2018-05-08T13:07:39.950000Z  28.0604  87.4282  32.61  4.0  9.1  -  -16.176125250560055
2016-11-27T23:35:21.020000Z  27.35  86.53  35.4  5.24  1.0  *  -9.012528000000003
2016-10-01T11:36:01.570000Z  30.9806  88.1037  34.62  4.2  9.2  -  -36.17017259520001
2016-05-09T05:17:54.750000Z  28.21  85.7631  39.31  4.2  6.8  -  -3.462701135999943
2016-04-19T17:22:17.910000Z  28.3381  87.8381  55.92  4.3  7.6  -  -0.09285896496000134
2016-02-13T21:37:54.080000Z  27.0268  89.1875  50.32  3.7  9.4  -  -4.168655999999999
2016-02-09T02:29:04.040000Z  30.8319  86.284  32.43  4.7  5.3  -  -36.125166406400005
2015-10-10T01:48:45.570000Z  27.2548  88.8009  48.22  4.3  7.7  -  -3.233684410879981
2015-10-07T04:58:20.550000Z  27.8771  84.8817  34.7  4.2  6.2  -  -9.728936135200009
2015-08-01T12:14:28.560000Z  28.7475  87.6636  34.28  4.4  5.0  -  -25.263932815999993
2015-05-25T10:46:03.060000Z  28.5718  87.2411  42.44  4.3  5.8  -  -13.033808818560011
2015-04-25T17:46:17.590000Z  28.2139  86.1072  35.26  4.5  17.1  -  -10.089154034560003
2015-04-02T00:56:38.960000Z  28.7007  86.3309  57.33  4.6  6.6  -  5.827489479359983
2014-12-26T07:08:09.590000Z  28.5278  87.3541  57.27  4.9  5.3  -  1.8364021452800117
2014-12-18T15:32:12.950000Z  27.46  86.56  30.3  4.96  1.5  *  -13.834577600000014
2014-08-22T15:59:37.254000Z  28.159  87.977  95.961  4.4  7.3  *  42.31484212800001
2013-12-08T14:19:43.030000Z  27.7317  87.6012  44.81  4.0  9.6  -  -3.1248432409600113
2013-08-30T18:02:28.820000Z  28.0742  85.7479  45.78  4.1  7.6  -  3.0763992377600005
2013-08-30T17:48:42.980000Z  28.1613  85.8966  54.65  4.9  5.0  -  10.660747773119937
2013-08-04T23:14:10.160000Z  28.2703  87.1352  35.51  4.3  3.0  -  -15.623590585599963
2013-07-15T19:39:44.060000Z  28.383  87.599  52.5  4.7  5.4  -  -2.0066207840000274
2013-04-19T06:35:52.970000Z  27.333  87.853  47.1  4.2  9.5  -  0.6323146239999886
2013-04-06T18:36:44.250000Z  30.039  88.051  35.0  4.6  6.2  -  -37.65165076800001
2012-12-21T02:23:49.360000Z  28.567  88.536  45.3  4.2  7.7  -  -16.153544928000002
2012-11-05T13:08:00.030000Z  28.447  86.187  77.8  4.5  100.0  -  30.09238939200001
2012-09-18T12:26:25.280000Z  27.33  88.642  42.2  4.6  6.4  -  -8.603789439999971
2012-08-09T13:12:04.910000Z  28.456  86.74  70.2  4.7  7.0  -  21.43026463999999
2012-06-11T04:35:59.960000Z  27.306  88.13  51.5  4.5  9.1  -  5.184143680000034
2012-05-30T01:54:30.620000Z  27.328  87.974  35.4  4.3  8.3  -  -10.256500927999973
2011-12-14T20:20:53.840000Z  27.504  87.955  47.5  4.0  15.1  -  -0.2462392000000193
2011-11-12T23:46:56.810000Z  28.212  84.93  50.5  4.2  6.0  -  6.275256320000061
2011-09-18T13:12:00.350000Z  27.52  88.583  40.1  4.8  6.9  -  -11.912131039999991
2011-09-18T12:40:51.830000Z  27.44  88.35  46.0  6.9  0.3  *  -2.7333599999999123
2011-08-11T22:01:27.230000Z  30.092  86.814  37.9  4.2  10.9  -  -30.51176601599999
2011-05-24T12:52:00.090000Z  30.042  85.391  41.4  4.5  8.6  -  -27.102563072000045
2011-04-24T02:23:01.910000Z  29.662  89.29  95.0  4.0  9.6  -  24.498361920000008
2011-02-10T03:51:44.230000Z  27.215  88.211  46.2  4.0  10.4  -  -0.30751367999997825
2010-10-18T04:26:51.270000Z  28.492  85.647  43.0  4.0  11.3  -  -2.5327446400000255
2010-10-17T20:11:18.460000Z  28.622  85.684  52.9  5.21  4.8  *  4.924255616000011
2010-07-10T10:15:45.190000Z  29.318  86.981  42.3  4.6  9.4  -  -20.172314048000004
2010-02-26T04:42:39.350000Z  28.41  86.77  84.5  5.12  2.4  *  36.052579200000054
2009-11-07T23:00:32.240000Z  26.922  89.178  41.1  4.1  14.0  -  -13.00403833599998
2009-06-06T09:44:36.970000Z  30.99  86.43  31.9  4.94  1.9  *  -36.65266880000002
2008-12-25T00:26:36.210000Z  27.235  88.631  49.2  4.8  4.5  -  -0.9262419200000025
2008-09-19T19:46:57.910000Z  28.579  86.671  69.2  4.0  8.5  -  18.269162688
2008-06-22T18:14:48.770000Z  28.429  85.681  66.1  3.7  8.0  -  21.269535360000027
2008-04-01T10:17:08.930000Z  28.516  87.008  69.9  3.9  6.0  -  16.01109798400004
2007-11-07T01:30:25.690000Z  28.021  87.036  75.8  3.7  6.5  -  31.434053695999964
2007-09-01T01:33:16.100000Z  27.853  87.873  73.1  4.0  6.7  -  23.183845151999968
2007-08-15T02:58:25.590000Z  31.284  85.346  71.0  4.0  14.0  -  4.090213248000012
2007-08-03T03:50:52.650000Z  27.196  86.932  64.0  4.3  15.0  -  17.296461311999984
2007-05-16T04:17:27.950000Z  27.291  87.851  31.7  4.0  18.8  -  -14.347701184000012
2007-04-17T07:04:38.040000Z  28.262  87.759  72.2  4.1  20.1  -  17.653168512
2007-04-06T03:45:41.540000Z  28.442  86.462  95.2  3.7  45.8  -  46.02734719999997
2007-02-06T21:38:59.340000Z  27.913  87.622  58.9  4.3  10.1  -  9.307943775999995
2006-10-28T10:58:15.020000Z  31.145  87.981  63.6  3.5  31.7  -  -5.7472499199999945
2006-04-11T14:15:20.780000Z  28.14  87.407  54.3  3.5  15.8  -  4.679595040000002
2006-02-03T01:57:47.220000Z  26.94  86.7  30.9  4.74  2.6  *  -15.66611200000002
2006-01-20T06:12:25.120000Z  31.44  85.01  37.3  4.6  8.9  -  -29.732646399999993
2005-12-25T18:08:07.630000Z  28.576  86.087  54.9  4.0  23.6  -  5.914100095999977
2005-10-30T08:30:08.970000Z  27.85  87.993  85.5  3.9  100.0  -  35.3718184
2005-08-28T13:14:08.270000Z  27.636  87.419  38.8  4.8  5.1  -  -8.174203199999994
2005-08-20T12:50:51.710000Z  31.08  88.09  54.0  4.89  5.2  -  -15.996387200000015
2005-06-14T14:23:18.470000Z  27.205  87.92  44.4  4.6  5.6  -  -0.22998319999997108
2005-05-27T22:12:20.030000Z  26.143  87.211  57.7  3.5  12.0  -  13.376262431999997
2005-05-11T04:13:06.890000Z  30.6  85.172  37.5  4.6  13.6  -  -30.560822400000006
2005-04-06T22:24:44.430000Z  30.439  86.346  66.9  3.6  27.1  -  -1.3958575359999799
2005-03-26T20:32:09.000000Z  28.21  87.84  76.0  4.8  5.3  *  21.893374399999985
2004-11-10T04:21:14.810000Z  27.964617  87.82083  69.269  4.0  12.9  *  18.122038957858877
2004-08-25T18:50:47.700000Z  30.214  86.066  47.7  4.4  22.2  -  -20.94804806399999
2004-08-21T09:08:52.370000Z  29.887  88.032  48.3  4.0  16.1  -  -23.50601827200002
2004-07-08T21:50:00.520000Z  29.844  87.997  32.6  4.2  18.5  -  -39.02877263999999
2004-06-26T02:59:28.540000Z  30.038  88.052  56.8  4.2  8.8  -  -15.843893311999977
2004-02-27T12:53:14.000000Z  28.127  87.66  92.0  4.6  8.7  *  40.120630080000055
2004-01-06T03:13:28.930000Z  30.539  86.042  46.2  4.6  8.2  -  -22.53360169599999
2003-11-30T12:57:01.010000Z  29.013  88.422  86.3  3.5  18.5  -  20.549047200000004
2003-06-23T12:30:54.080000Z  27.79  88.168  80.3  4.2  100.0  -  30.01311039999998
2002-12-30T16:46:27.570000Z  30.717  86.272  51.3  4.2  13.8  -  -17.357555648
2002-12-22T19:12:56.850000Z  29.584  88.946  77.3  3.5  17.3  -  7.653804096000002
2002-11-05T23:39:45.440000Z  31.014  86.576  41.3  4.8  12.7  -  -27.23795545600001
2002-10-11T21:07:10.090000Z  31.229  88.229  60.9  4.7  13.5  -  -8.04105641600001
2002-08-22T04:50:14.270000Z  29.818  88.087  38.5  4.5  13.6  -  -32.75011612799999
2002-05-09T01:09:20.620000Z  29.826  87.837  33.6  4.6  14.0  -  -37.739945760000005
2002-05-08T17:56:59.000000Z  28.583  86.489  75.9  3.7  1.5  *  24.759468063999996
2002-03-21T13:03:21.700000Z  29.766  88.053  53.4  4.2  16.0  -  -17.628697183999996
2002-03-07T15:50:21.000000Z  29.56  84.83  77.0  4.2  12.0  *  15.627665600000029
2002-01-31T02:11:01.040000Z  29.901  87.899  39.6  4.3  9.8  -  -32.06175952
2001-06-13T11:09:52.220000Z  31.379  85.756  72.4  4.5  12.6  -  6.257844192000022
2001-06-13T11:07:02.780000Z  31.439  85.753  54.3  4.1  13.0  -  -11.498294463999997
2000-09-06T07:19:13.500000Z  28.557  86.345  105.4  3.7  11.9  -  55.49424688000003
1999-08-01T08:24:46.170000Z  28.442  86.733  40.2  5.2  6.8  -  -8.407906783999984
1998-11-26T10:14:27.630000Z  27.753  87.894  73.1  5.1  100.0  -  24.145045855999975
1998-10-24T13:19:53.200000Z  30.405  88.155  45.9  4.1  16.8  -  -27.561254799999993
2001-10-17T01:51:40.869999Z  27.72  88.126  68.42  3.4  2.272  *  18.929654400000004
2001-10-19T15:50:15.119999Z  28.207  87.515  68.262  3.2  1.595  *  17.84195911999999
2002-01-05T06:10:42.000000Z  28.164  87.686  69.107  3.3  6.9  *  16.55915577599989
2002-02-15T00:47:21.550000Z  27.5  88.52  37.8  3.5  3.1  *  -14.044000000000004
2002-03-15T21:37:32.050000Z  27.87  87.95  78.8  3.2  11.8  *  28.588071999999983
2002-04-06T10:03:20.079999Z  28.05  87.666  66.615  3.6  1.832  *  15.317795200000027
2002-04-15T09:56:41.070000Z  26.909  86.334  39.118  3.2  1.048  *  -6.216557632000004
2002-05-08T12:20:20.170000Z  27.893  87.929  70.016  3.5  7.0  *  19.626310175999997
2002-06-16T07:47:20.010000Z  28.344  87.081  65.741  3.3  2.293  *  14.100759359999955
2002-06-24T04:32:05.209999Z  27.779  88.186  68.879  3.5  6.9  *  18.632005279999987
2002-06-28T17:44:15.480000Z  27.747  87.399  60.067  3.9  6.0  *  13.125579599999995
2002-07-02T17:10:44.000000Z  27.11  84.78  70.0  3.9  7.0  *  26.714462400000002
2002-07-16T18:39:28.760000Z  27.857  87.828  65.0  3.8  6.5  *  15.124703967999999
2002-07-18T23:24:25.000000Z  28.2  87.927  78.0  3.7  7.8  *  23.841858399999992
2002-07-24T10:14:27.730000Z  28.55  86.74  61.8  3.4  1.6  *  11.509863999999972
2002-08-22T11:53:01.816657Z  27.002  89.305  50.938  3.2  22.458  *  -4.5414532800000345
2002-10-02T07:28:09.320000Z  28.61  86.7  61.8  3.8  2.7  *  10.377864000000002
2002-10-06T16:24:47.149999Z  27.914  87.936  66.958  3.4  0.942  *  16.374632831999982
2002-10-16T07:47:06.110000Z  26.892  86.34  49.605  3.3  1.128  *  4.2346998399999904
2002-10-22T23:31:36.859999Z  27.996  87.961  68.233  3.3  0.953  *  16.962964448000015
2002-10-23T02:01:33.250000Z  27.832  88.022  69.476  3.2  6.9  *  19.378100479999972
2002-10-29T17:26:39.000000Z  28.125  87.744  71.978  3.9  0.975  *  19.038432
2002-11-17T17:38:14.880000Z  27.998  88.005  69.472  3.3  1.596  *  18.228936800000014
2002-11-20T08:51:40.424328Z  27.874  87.957  70.016  3.3  8.788  *  19.760038944000023
2002-12-12T00:00:19.620000Z  27.941  87.966  65.675  3.7  2.84  *  14.861369248000003
2002-12-19T12:36:43.200000Z  27.208  85.052  49.328  3.5  4.9  *  6.337622592000017
2002-12-23T08:59:13.169999Z  28.121  87.705  68.774  4.0  2.459  *  16.372339920000037
2002-12-26T08:36:05.047098Z  28.66  86.52  70.016  3.6  6.448  *  18.038622400000015
2002-12-27T14:22:30.160000Z  27.009  86.553  50.722  3.5  1.673  *  4.8865754400000085
2002-12-28T05:47:06.796620Z  28.175  85.147  43.344  3.4  1.765  *  -0.5250276000000014
2003-01-13T21:57:15.587079Z  27.944  87.876  70.016  3.2  9.199  *  19.13905235200002
2003-01-22T07:20:10.099999Z  28.384  86.96  64.731  4.2  6.5  *  13.696299840000087
2003-02-06T23:18:10.409452Z  27.872  87.854  70.156  3.4  14.748  *  20.066607104000006
2003-02-25T01:46:41.813865Z  28.484  86.947  62.656  3.6  11.03  *  10.168604287999926
2003-02-26T19:59:23.000000Z  28.347  86.449  75.0  3.9  7.5  *  27.45892839999999
2003-03-08T02:54:36.500000Z  26.846  86.184  69.56  3.6  7.0  *  24.591444672000016
2003-03-18T07:24:51.429999Z  27.841  87.982  68.071  3.6  2.885  *  18.034603295999993
2003-03-25T01:27:05.594095Z  28.941  85.409  79.156  3.5  5.729  *  26.188287312
2003-04-17T01:12:37.435077Z  27.096  86.798  103.062  3.5  30.132  *  56.534349567999996
2003-04-21T12:56:51.411164Z  28.776  86.643  73.062  3.4  32.088  *  19.162871359999997
2003-04-26T03:12:13.106573Z  28.504  85.828  62.094  3.6  13.713  *  15.51221395199996
2004-10-10T11:48:48.240000Z  27.928491  87.89538  67.629  3.3  6.8  *  16.915302361568635
2012-03-27T23:40:44.000000Z  26.09  87.76  31.0  5.0  3.1  *  -11.618004800000001
2013-01-22T04:32:39.757000Z  29.924  89.563  95.922  4.5  16.2  *  26.439093087999993
2013-01-24T13:58:23.281000Z  29.616  89.3  95.922  3.7  6.3  *  25.5283472
2013-02-05T19:27:08.787000Z  27.699  88.239  95.922  3.3  4.0  *  46.42664631999997
2013-02-09T18:07:47.721000Z  26.992  89.148  32.426  3.5  1.5  *  -21.674057535999964
2013-03-07T16:25:37.196000Z  27.457  88.543  33.422  3.2  11.7  *  -18.054346704000025
2013-04-10T19:31:29.316000Z  26.156  89.075  31.547  3.2  5.2  *  -16.59291200000003
2013-06-27T23:24:07.628000Z  27.197  89.252  38.051  4.2  1.6  *  -16.709855711999943
2013-09-20T22:32:34.430000Z  27.66  88.301  40.922  3.2  7.2  *  -8.726635200000032
2014-03-18T22:26:35.810000Z  28.338  87.946  41.078  4.1  20.2  *  -15.280334528000004
2014-04-11T09:32:46.184000Z  29.605  89.299  95.961  4.2  3.4  *  25.590242079999996
2014-05-02T11:15:05.863000Z  27.558  88.381  32.953  3.9  3.2  *  -16.967792159999995
2014-06-02T06:12:35.135000Z  27.142  89.129  31.703  3.5  2.4  *  -22.24117126400004
2014-07-04T05:58:42.165000Z  27.87  88.008  95.922  4.8  11.3  *  45.6001792
2014-07-19T06:39:58.928000Z  27.415  88.811  48.305  3.8  4.8  *  -3.985040960000063
2014-07-28T11:31:24.237000Z  28.014  87.954  44.047  3.5  20.4  *  -7.472103424000004
2014-10-16T14:13:14.120000Z  28.919  89.236  95.961  3.5  3.6  *  26.670211519999967
2014-10-29T19:05:03.899000Z  27.214  88.818  36.234  3.9  6.3  *  -15.272421887999968
2014-11-19T17:27:30.015000Z  28.254  87.947  95.961  3.9  4.3  *  40.97998803199997
