2022-01-04T17:15:52.331000Z  33.0339  76.074  40.06  4.3  7.5  -  -17.71681939840004
2020-09-22T03:46:51.500000Z  35.7041  77.8313  62.17  4.1  11.0  -  -3.1420108731200287
2020-06-30T18:02:28.856000Z  33.1193  75.8744  43.89  4.7  6.3  -  -13.03524329535994
2020-06-30T03:26:58.130000Z  33.195  75.926  46.75  4.2  3.9  -  -11.77770256000003
2019-12-08T13:31:27.767000Z  36.2716  78.0123  49.87  4.5  6.7  -  -9.674653085440006
2019-10-22T13:19:17.101000Z  36.152  78.2867  35.51  4.4  2.1  -  -24.843054374400012
2019-09-09T06:40:33.517000Z  32.92  75.87  30.1  4.92  0.8  *  -24.68580000000007
2019-01-10T02:52:04.640000Z  34.3645  78.2373  34.51  4.6  5.1  -  -34.87701868160001
2018-09-11T12:05:41.830000Z  33.6364  76.2087  35.0  4.4  2.0  -  -28.320982133760005
2018-05-06T07:46:55.300000Z  32.8791  76.1241  41.61  4.1  9.5  -  -15.128830272799995
2018-03-15T14:53:24.170000Z  33.0311  76.0989  39.8  4.5  9.1  -  -17.871716017760036
2018-01-22T00:25:38.360000Z  37.5988  78.0965  38.46  4.1  11.5  -  -14.550863017600022
2017-12-10T22:58:55.730000Z  34.3183  78.5677  35.55  4.6  6.2  -  -33.51376245904001
2017-12-06T23:29:03.790000Z  35.74  77.45  118.1  5.2  1.3  *  52.69043200000003
2017-10-19T01:10:25.000000Z  33.5105  76.2599  32.12  4.6  5.1  -  -30.818737015199993
2017-08-16T03:26:53.080000Z  32.8724  76.2437  44.78  4.4  8.6  -  -12.740625974400032
2017-05-29T13:53:29.160000Z  33.2999  75.9276  35.9  4.5  8.5  -  -23.79805553088
2017-05-20T05:48:44.460000Z  32.8696  76.2986  35.36  4.2  9.0  -  -22.163611709440012
2017-05-19T00:02:33.540000Z  33.0204  76.1431  42.99  4.5  8.4  -  -14.371290994560034
2017-04-18T05:11:55.400000Z  33.9575  76.422  51.3  4.6  7.5  -  -12.864997920000022
2017-03-19T13:45:16.810000Z  37.2025  77.8916  45.18  4.4  6.6  -  -8.5231268
2017-01-09T20:25:53.280000Z  35.679  77.8343  82.09  4.1  12.3  -  16.590849659200018
2016-10-04T14:19:21.580000Z  33.7459  75.6917  35.0  4.3  1.9  -  -25.442493945439985
2016-05-31T12:13:20.770000Z  36.562  77.885  105.05  4.7  2.8  *  47.336115519999964
2016-05-27T19:08:10.990000Z  36.197  77.9088  84.78  4.1  8.0  -  24.25073374080003
2016-05-24T10:17:59.320000Z  33.0759  76.0936  35.0  4.1  2.0  -  -23.370943634559957
2016-03-17T16:47:01.810000Z  34.044  78.0686  31.9  4.1  5.3  -  -35.05235861759997
2016-03-17T02:13:24.830000Z  37.3331  78.482  41.84  3.9  10.0  -  -12.419457647999998
2016-02-21T16:32:02.560000Z  36.1288  78.0985  35.7  4.5  5.7  -  -25.1470553088
2016-02-09T15:13:53.700000Z  32.9944  76.0777  40.2  4.2  8.9  -  -17.042047654400022
2016-02-04T07:10:36.880000Z  32.8455  76.043  58.67  4.3  9.5  -  2.757414279999928
2015-12-20T13:47:55.540000Z  37.596  78.026  40.48  4.3  7.7  -  -12.404394688000018
2015-10-23T18:19:02.470000Z  36.3253  77.9005  88.64  4.0  10.1  -  28.984875649599978
2015-10-08T01:04:21.950000Z  31.5958  76.9677  36.04  4.2  6.6  -  -17.642570310720004
2015-09-24T16:50:42.160000Z  37.5663  78.1191  42.76  4.7  7.3  -  -10.432461006240018
2015-09-06T03:21:38.370000Z  35.9454  78.3246  72.87  4.1  12.1  -  11.835027167360018
2015-09-04T17:54:20.060000Z  37.155  78.4226  39.4  3.5  12.2  -  -14.757179488000006
2015-09-03T12:55:10.150000Z  37.5331  78.0609  41.86  4.2  10.6  -  -11.349081009120027
2015-08-31T00:27:50.150000Z  35.8299  77.451  76.73  4.3  9.0  -  12.123320246400013
2015-07-14T06:07:24.070000Z  37.4521  78.1263  31.9  4.5  5.9  -  -21.697110658400007
2015-07-06T12:58:20.470000Z  37.6247  77.9778  44.09  4.2  9.6  -  -8.608082651840014
2015-03-10T17:52:02.220000Z  35.6511  76.82  39.2  4.1  6.8  -  -26.571131279999975
2015-02-15T14:14:20.990000Z  34.4283  76.2031  48.05  4.7  7.2  -  -23.45146431791997
2014-11-21T22:45:36.370000Z  34.4008  79.0039  36.66  4.3  6.4  -  -32.1288900128
2014-11-18T15:55:32.580000Z  32.9378  76.059  60.82  4.3  7.8  -  3.9827254239999803
2014-11-17T08:59:44.000000Z  35.359  77.1167  35.0  4.4  2.0  -  -36.59832886559995
2014-10-21T20:26:41.810000Z  36.0857  78.1864  54.37  4.0  7.1  -  -6.538344663679965
2014-10-11T08:13:37.870000Z  34.3887  79.2005  35.0  4.5  2.0  -  -33.74575406400001
2014-10-10T21:49:37.690000Z  34.3271  79.1521  45.27  4.0  8.7  -  -23.27015551040001
2014-07-08T18:18:44.390000Z  36.5752  77.2739  97.63  4.5  6.4  -  38.57557993152
2014-06-17T17:31:10.950000Z  32.3316  76.4467  33.51  4.2  6.3  -  -21.309699347840002
2014-04-19T08:29:20.330000Z  34.1021  76.2379  34.0  4.1  6.2  -  -31.589520051360026
2014-04-18T07:11:13.500000Z  37.4557  78.6868  45.21  4.2  7.6  -  -9.048605502080001
2014-03-08T13:09:02.340000Z  34.452  80.1638  36.09  4.4  7.7  -  -32.760248921599995
2014-01-22T05:22:01.180000Z  34.2849  79.7826  43.74  4.2  7.0  -  -24.665480319679993
2013-12-18T01:08:49.530000Z  37.4322  78.6436  39.26  4.2  6.2  -  -15.012639279360002
2013-12-09T08:38:59.800000Z  35.4921  76.9208  69.06  4.0  6.1  -  1.4180538572800145
2013-12-06T10:09:01.050000Z  32.8918  78.6622  41.12  4.3  8.4  -  -21.17358568640003
2013-11-24T06:43:38.290000Z  35.3548  77.0299  79.56  4.0  8.6  -  7.846610552959916
2013-11-16T19:22:19.690000Z  35.3399  77.1125  58.79  4.3  7.0  -  -13.381585739999998
2013-11-15T22:21:08.700000Z  34.5371  77.7468  30.76  4.2  6.3  -  -41.472072782080005
2013-11-11T13:21:32.730000Z  35.3447  77.1001  56.73  4.0  7.3  -  -15.292447801439913
2013-10-26T00:05:03.550000Z  33.1049  75.9359  41.6  4.5  6.9  -  -16.089318721280065
2013-10-24T09:12:40.910000Z  35.3041  77.1447  51.38  4.2  4.7  -  -21.914955699040057
2013-10-21T02:26:11.140000Z  35.2895  76.9996  35.0  4.5  2.0  -  -38.46879903680009
2013-10-20T19:45:07.850000Z  35.74  77.26  89.9  5.04  2.6  *  24.181233600000027
2013-08-18T23:53:31.680000Z  33.2183  75.8728  44.81  4.8  6.4  -  -13.254370753919972
2013-08-05T14:46:00.350000Z  33.3339  75.9342  50.45  4.1  7.7  -  -9.697438810560044
2013-08-05T13:57:48.780000Z  33.4569  76.0182  46.77  4.3  7.7  -  -15.410105694719952
2013-07-09T15:52:34.080000Z  32.85  78.327  36.9  4.0  24.0  -  -24.37469920000001
2013-07-09T14:50:57.000000Z  32.743  78.17  38.0  4.1  10.3  *  -21.36638848000004
2013-06-08T01:10:48.400000Z  36.21  77.173  61.9  4.2  8.8  -  0.29732560000001484
2013-06-05T22:04:03.000000Z  32.907  76.286  40.0  4.0  7.5  *  -17.303257248000023
2013-06-04T17:34:50.750000Z  32.58  76.541  30.0  5.16  12.7  *  -26.743407360000013
2013-05-14T20:03:36.620000Z  33.087  75.709  48.0  4.7  7.1  -  -7.000925584000001
2013-05-14T20:00:07.770000Z  33.101  75.727  61.7  4.7  3.7  -  6.694824304000051
2013-05-14T19:58:24.430000Z  33.121  75.735  35.7  4.3  7.3  -  -19.49066888000003
2013-04-17T03:01:38.230000Z  33.249  76.663  42.2  4.0  10.5  -  -16.041438688000007
2013-01-22T15:49:24.010000Z  34.214  80.306  37.8  4.0  8.6  -  -31.240187583999983
2012-09-09T22:07:26.700000Z  37.085  78.912  51.8  4.1  14.1  -  -2.639235840000012
2012-09-04T07:47:10.970000Z  36.891  78.787  41.1  4.6  5.7  -  -12.281668448000005
2012-08-08T19:22:18.740000Z  35.712  77.535  81.2  4.3  19.9  -  15.570167200000043
2012-08-06T14:15:46.550000Z  35.804  77.712  72.7  4.6  5.1  -  8.014328448000029
2012-07-26T05:31:38.020000Z  33.466  76.105  56.2  4.4  13.2  -  -6.309993120000016
2012-06-27T19:36:22.900000Z  36.441  79.358  36.7  4.1  10.7  -  -14.88058915200002
2012-06-24T12:13:02.520000Z  34.318  80.248  41.1  4.3  6.9  -  -27.764242623999998
2012-06-03T23:19:16.720000Z  35.829  79.72  45.2  4.3  8.7  -  -11.430333919999995
2012-04-14T20:50:52.680000Z  34.189  79.768  30.1  4.0  14.1  -  -38.045517184
2012-03-07T13:18:23.400000Z  32.029  78.109  55.6  4.3  10.9  -  3.550141360000012
2012-01-03T20:36:48.120000Z  35.776  77.346  62.9  4.6  9.6  -  -2.3765645439999687
2011-07-28T18:42:35.260000Z  33.32  75.998  33.3  4.5  17.8  -  -27.458560320000068
2010-08-14T03:08:17.630000Z  34.124  78.735  67.9  4.1  12.6  -  -0.5682271999999955
2010-04-23T00:02:33.690000Z  35.99  76.923  102.1  4.6  13.0  -  38.994611360000015
2010-04-08T22:41:32.500000Z  36.428  77.243  88.1  4.4  7.5  -  28.192279647999968
2010-03-13T16:45:07.000000Z  34.292  75.71  56.6  4.7  9.1  -  -14.116885439999926
2009-12-06T04:33:16.000000Z  35.78  77.35  91.0  5.2  2.0  *  25.766408000000013
2009-05-21T12:33:55.000000Z  36.28  77.62  93.0  5.1  1.8  *  32.35024000000002
2009-03-08T17:02:07.520000Z  36.102  78.016  106.9  4.6  5.2  -  45.57454508799999
2009-01-31T03:07:19.800000Z  32.528  76.564  36.1  3.9  6.5  -  -20.617658304000038
2008-11-05T02:32:54.840000Z  35.291  77.96  39.2  3.6  23.4  -  -33.114729120000135
2008-09-08T21:07:17.750000Z  36.002  76.937  54.7  3.4  10.9  -  -8.298892127999977
2008-07-14T13:36:37.330000Z  36.032  77.309  57.9  3.7  13.5  -  -5.182224288000029
2008-07-05T10:28:28.390000Z  33.467  75.942  56.6  3.5  20.3  -  -5.064814367999922
2008-06-15T11:02:01.990000Z  32.97  76.371  36.3  4.3  6.6  -  -20.938598879999986
2008-05-30T17:16:00.770000Z  35.805  78.503  98.6  3.6  9.7  -  37.577872559999996
2008-05-29T22:30:41.190000Z  32.586  76.087  45.9  3.5  15.5  -  -8.737318944000023
2008-05-10T06:35:55.860000Z  33.06  76.116  44.7  4.4  9.2  -  -13.406234240000032
2008-04-05T19:28:04.600000Z  33.238  75.922  65.2  3.5  18.3  -  6.253418112000048
2008-03-12T19:35:18.670000Z  36.549  78.262  80.8  3.6  8.1  -  23.58394553599998
2008-03-08T03:33:17.220000Z  33.31  76.571  37.2  3.8  21.9  -  -21.818191040000023
2007-12-26T19:31:23.870000Z  35.222  76.655  74.2  4.0  18.5  -  -0.11609503999999049
2007-11-13T05:57:33.680000Z  36.674  80.047  43.1  4.9  4.5  -  -8.769484448000007
2007-10-24T23:14:22.580000Z  35.649  77.428  81.9  4.2  12.1  -  15.607002208000011
2007-07-29T14:07:33.280000Z  35.316  78.127  64.3  3.4  27.7  -  -6.734481215999949
2007-06-17T23:55:06.360000Z  33.008  78.231  54.7  3.8  16.7  -  -8.081860543999994
2007-05-16T23:48:27.610000Z  35.035  80.961  50.2  4.8  8.0  -  -12.71541008000004
2007-05-01T05:51:16.730000Z  36.865  78.603  134.8  3.9  19.6  -  81.75743904000001
2007-04-11T03:47:27.510000Z  35.871  78.308  87.9  4.4  6.0  -  26.127259072000065
2007-02-21T00:33:25.880000Z  31.373  77.752  36.6  4.1  8.0  -  -11.447903360000012
